5 0.2984375 0.1484375 0.534375 0.1234375
4 0.42109375 0.2359375 0.76875 0.0265625
4 0.10234375 0.5140625 0.15390625 0.13828125
4 0.2953125 0.5125 0.14375 0.13203125
4 0.49453125 0.50859375 0.153125 0.13203125
4 0.68984375 0.51484375 0.14609375 0.13203125
4 0.88046875 0.52109375 0.15078125 0.11953125
4 0.11171875 0.75859375 0.146875 0.071875
4 0.30703125 0.7625 0.146875 0.06796875
4 0.496875 0.7578125 0.14375 0.065625
4 0.69140625 0.7546875 0.1421875 0.06796875
4 0.884375 0.7546875 0.14375 0.0765625
4 0.08984375 0.646875 0.07265625 0.0453125
4 0.28828125 0.65703125 0.071875 0.0703125
4 0.48515625 0.6546875 0.07890625 0.06171875
4 0.67890625 0.6578125 0.0796875 0.0640625
4 0.87265625 0.6546875 0.07890625 0.0703125